#Enemy sprites are misaligned, needs fixing
Map: 28,31 {
1,1,1,1,1,1,1,1,1,1,1,1,1,1,1,1,1,1,1,1,1,1,1,1,1,1,1,1
1,2,2,2,2,2,2,2,2,2,2,2,2,1,1,2,2,2,2,2,2,2,2,2,2,2,2,1
1,2,1,1,1,1,1,2,1,1,1,1,2,1,1,2,1,1,1,1,2,1,1,1,1,1,2,1
1,2,1,1,1,1,1,2,1,1,1,1,2,1,1,2,1,1,1,1,2,1,1,1,1,1,2,1
1,2,2,2,2,2,2,2,2,2,2,2,2,2,2,2,2,2,2,2,2,2,2,2,2,2,2,1
1,2,1,1,1,1,1,2,1,1,2,1,1,1,1,1,1,2,1,1,2,1,1,1,1,1,2,1
1,2,1,1,1,1,1,2,1,1,2,2,2,1,1,2,2,2,1,1,2,1,1,1,1,1,2,1
1,2,2,2,2,2,2,2,1,1,1,1,2,1,1,2,1,1,1,1,2,2,2,2,2,2,2,1
1,1,1,1,1,1,1,2,1,1,1,1,2,1,1,2,1,1,1,1,2,1,1,1,1,1,1,1
0,0,0,0,0,0,1,2,1,1,2,2,2,2,2,2,2,2,1,1,2,1,0,0,0,0,0,0
0,0,0,0,0,0,1,2,1,1,2,1,1,2,2,1,1,2,1,1,2,1,0,0,0,0,0,0
0,0,0,0,0,0,1,2,1,1,2,1,2,2,2,2,1,2,1,1,2,1,0,0,0,0,0,0
1,1,1,1,1,1,1,2,1,1,2,1,2,2,2,2,1,2,1,1,2,1,1,1,1,1,1,1
1,6,2,2,2,2,2,2,2,2,2,1,1,7,1,1,1,2,2,2,2,2,2,2,2,2,6,1
1,1,1,1,1,1,1,2,1,1,2,1,2,2,2,5,1,2,1,1,2,1,1,1,1,1,1,1
0,0,0,0,0,0,1,2,1,1,2,1,1,1,1,1,1,2,1,1,2,1,0,0,0,0,0,0
0,0,0,0,0,0,1,2,1,1,2,1,1,1,1,1,1,2,1,1,2,1,0,0,0,0,0,0
0,0,0,0,0,0,1,2,1,1,2,2,2,2,2,2,2,2,1,1,2,1,0,0,0,0,0,0
0,0,0,0,0,0,1,2,1,1,2,1,1,1,1,1,1,2,1,1,2,1,0,0,0,0,0,0
1,1,1,1,1,1,1,2,1,1,2,1,1,1,1,1,1,2,1,1,2,1,1,1,1,1,1,1
1,2,2,2,2,2,2,2,2,2,2,2,2,1,1,2,2,2,2,2,2,2,2,2,2,2,2,1
1,2,1,1,1,1,1,2,1,1,2,1,2,1,1,2,1,1,1,1,2,1,1,1,1,1,2,1
1,2,1,1,1,1,1,2,1,1,2,1,2,1,1,2,1,1,1,1,2,1,1,1,1,1,2,1
1,2,2,2,2,1,1,2,2,2,2,2,2,2,2,2,2,2,2,2,2,1,1,2,2,2,2,1
1,1,1,1,2,1,1,2,1,1,2,1,1,1,1,1,1,2,1,1,2,1,1,2,1,1,1,1
1,1,1,1,2,1,1,2,1,1,2,1,1,1,1,1,1,2,1,1,2,1,1,2,1,1,1,1
1,2,2,2,2,2,2,2,1,1,2,2,2,1,1,2,2,2,1,1,2,2,2,2,2,2,2,1
1,2,1,1,1,1,1,1,1,1,1,1,2,1,1,2,1,1,1,1,1,1,1,1,1,1,2,1
1,2,1,1,1,1,1,1,1,1,1,1,2,1,1,2,1,1,1,1,1,1,1,1,1,1,2,1
1,2,2,2,2,2,2,2,2,2,2,2,2,2,2,2,2,2,2,2,2,2,2,2,2,2,2,1
1,1,1,1,1,1,1,1,1,1,1,1,1,1,1,1,1,1,1,1,1,1,1,1,1,1,1,1
}
TokenDoor:13,13,231
Spawn: 13,23
Goal:21AwMan.txt

#DumbtargetingEnemy:13,12
#DumbtargetingEnemy:14,12
#WallfollowingEnemy:15,12,north,east
#SmarttargetingeEnemy:13,10

Teleporter: 26,13,1,13
Teleporter: 1,13,26,13

#Absolute Token Spam
Token:1,1,1
Token:2,1,1
Token:3,1,1
Token:4,1,1
Token:5,1,1
Token:6,1,1
Token:7,1,1
Token:8,1,1
Token:9,1,1
Token:10,1,1
Token:11,1,1
Token:12,1,1
Token:15,1,1
Token:16,1,1
Token:17,1,1
Token:18,1,1
Token:19,1,1
Token:20,1,1
Token:21,1,1
Token:22,1,1
Token:23,1,1
Token:24,1,1
Token:25,1,1
Token:26,1,1
Token:1,2,1
Token:7,2,1
Token:12,2,1
Token:15,2,1
Token:20,2,1
Token:26,2,1
Token:1,3,1
Token:7,3,1
Token:12,3,1
Token:15,3,1
Token:20,3,1
Token:26,3,1
Token:1,4,1
Token:2,4,1
Token:3,4,1
Token:4,4,1
Token:5,4,1
Token:6,4,1
Token:7,4,1
Token:8,4,1
Token:9,4,1
Token:10,4,1
Token:11,4,1
Token:12,4,1
Token:13,4,1
Token:14,4,1
Token:15,4,1
Token:16,4,1
Token:17,4,1
Token:18,4,1
Token:19,4,1
Token:20,4,1
Token:21,4,1
Token:22,4,1
Token:23,4,1
Token:24,4,1
Token:25,4,1
Token:26,4,1
Token:1,5,1
Token:7,5,1
Token:20,5,1
Token:26,5,1
Token:1,6,1
Token:7,6,1
Token:20,6,1
Token:26,6,1
Token:1,7,1
Token:2,7,1
Token:3,7,1
Token:4,7,1
Token:5,7,1
Token:6,7,1
Token:7,7,1
Token:20,7,1
Token:21,7,1
Token:22,7,1
Token:23,7,1
Token:24,7,1
Token:25,7,1
Token:26,7,1
Token:7,8,1
Token:7,9,1
Token:7,10,1
Token:7,11,1
Token:7,12,1
Token:7,13,1
Token:7,14,1
Token:7,15,1
Token:7,16,1
Token:7,17,1
Token:7,18,1
Token:7,19,1
Token:20,8,1
Token:20,9,1
Token:20,10,1
Token:20,11,1
Token:20,12,1
Token:20,13,1
Token:20,14,1
Token:20,15,1
Token:20,16,1
Token:20,17,1
Token:20,18,1
Token:20,19,1
Token:1,20,1
Token:2,20,1
Token:3,20,1
Token:4,20,1
Token:5,20,1
Token:6,20,1
Token:7,20,1
Token:8,20,1
Token:9,20,1
Token:10,20,1
Token:11,20,1
Token:12,20,1
Token:15,20,1
Token:16,20,1
Token:17,20,1
Token:18,20,1
Token:19,20,1
Token:20,20,1
Token:21,20,1
Token:22,20,1
Token:23,20,1
Token:24,20,1
Token:25,20,1
Token:26,20,1
Token:1,21,1
Token:7,21,1
Token:12,21,1
Token:15,21,1
Token:20,21,1
Token:26,21,1
Token:1,22,1
Token:7,22,1
Token:12,22,1
Token:15,22,1
Token:20,22,1
Token:26,22,1
Token:1,23,1
Token:2,23,1
Token:3,23,1
Token:4,23,1
Token:7,23,1
Token:8,23,1
Token:9,23,1
Token:10,23,1
Token:11,23,1
Token:12,23,1
Token:15,23,1
Token:16,23,1
Token:17,23,1
Token:18,23,1
Token:19,23,1
Token:20,23,1
Token:23,23,1
Token:24,23,1
Token:25,23,1
Token:26,23,1
Token:4,24,1
Token:7,24,1
Token:10,24,1
Token:17,24,1
Token:20,24,1
Token:23,24,1
Token:4,25,1
Token:7,25,1
Token:10,25,1
Token:17,25,1
Token:20,25,1
Token:23,25,1
Token:1,26,1
Token:2,26,1
Token:3,26,1
Token:4,26,1
Token:5,26,1
Token:6,26,1
Token:7,26,1
Token:10,26,1
Token:11,26,1
Token:12,26,1
Token:15,26,1
Token:16,26,1
Token:17,26,1
Token:20,26,1
Token:21,26,1
Token:22,26,1
Token:23,26,1
Token:24,26,1
Token:25,26,1
Token:26,26,1
Token:1,27,1
Token:12,27,1
Token:15,27,1
Token:26,27,1
Token:1,28,1
Token:12,28,1
Token:15,28,1
Token:26,28,1
Token:1,29,1
Token:2,29,1
Token:3,29,1
Token:4,29,1
Token:5,29,1
Token:6,29,1
Token:7,29,1
Token:8,29,1
Token:9,29,1
Token:10,29,1
Token:11,29,1
Token:12,29,1
Token:13,29,1
Token:14,29,1
Token:15,29,1
Token:16,29,1
Token:17,29,1
Token:18,29,1
Token:19,29,1
Token:20,29,1
Token:21,29,1
Token:22,29,1
Token:23,29,1
Token:24,29,1
Token:25,29,1
Token:26,29,1
